version:4.5.6
shapes:
label:fair
points:[327,347][323,351][309,360][300,364][292,372][286,376][280,376][275,378][267,379][250,393][244,393][244,399][243,400][241,415][242,416][242,422][243,427][250,443][250,447][249,448][249,453][243,466][243,474][242,475][242,480][271,458][272,456][289,443][292,442][307,430][310,429][324,418][327,417][330,414][333,413][340,407][351,403][353,401][356,401][378,382][383,369][369,360][365,360][364,361][359,361][350,367][340,368][335,366][327,366][326,365][327,361][337,347]
group_id:null
shape_type:polygon
flags:{}
label:fair
points:[471,1][448,16][447,18][433,19][398,32][392,42][388,45][381,47][379,45][379,42][378,41][378,39][355,44][329,54][327,56][324,56][312,61][307,59][302,59][293,56][286,59][282,59][263,73][234,82][229,85][226,85][221,88][218,88][213,91][197,96][193,96][175,102][159,99][193,73][192,72][192,70][191,69][191,64][190,63][190,59][189,58][189,53][188,52][188,50][187,49][187,47][186,46][186,45][185,44][185,43][184,42][184,40][171,27][161,25][170,3][78,3][58,14][64,35][77,52][97,50][102,54][91,70][76,80][74,113][75,123][61,131][1,159][0,181][177,156][177,152][176,151][176,126][183,119][190,116][199,107][207,104][214,99][239,103][247,100][256,90][274,87][280,84][294,83][299,81][306,93][310,95][314,102][314,118][303,120][296,127][302,137][302,140][298,148][296,157][290,164][270,164][269,163][254,164][248,169][248,174][244,189][246,205][251,198][251,180][258,176][262,177][267,182][271,189][277,192][278,207][277,216][279,220][279,230][274,243][275,260][274,270][272,274][269,297][269,311][267,316][262,320][246,323][241,326][232,338][228,340][223,340][229,353][237,364][250,360][263,351][271,349][273,323][277,315][277,310][276,309][277,290][285,281][300,288][310,298][314,309][314,331][323,331][347,322][360,319][373,310][367,304][351,307][350,306][351,305][352,306][351,305][353,302][353,285][352,284][352,277][351,276][351,270][350,269][350,268][349,267][349,266][348,265][348,264][347,263][347,262][345,260][345,259][344,258][344,256][343,255][343,253][339,250][341,252][336,253][334,267][329,262][328,263][326,293][325,294][325,306][323,309][316,308][316,297][315,296][315,289][314,288][314,283][313,282][313,280][312,279][312,276][311,275][309,279][304,275][304,274][303,273][303,272][302,271][302,270][301,269][301,268][300,267][300,266][299,265][299,264][298,263][298,262][297,261][297,259][296,258][296,255][295,254][295,250][294,249][297,229][292,226][292,225][290,223][290,222][289,221][289,219][288,218][288,216][287,215][287,208][300,189][314,187][320,189][325,195][325,200][329,214][334,210][335,211][335,229][336,230][336,249][340,251][344,242][345,227][348,218][348,213][347,212][347,206][346,205][348,198][355,211][356,198][364,183][378,180][379,176][378,175][378,169][377,168][377,167][376,166][376,164][375,163][375,161][373,159][373,158][372,157][372,156][370,154][370,153][369,152][376,148][388,144][390,126][392,123][503,104][511,105][511,13][508,13][496,18][481,21][480,20][481,6]
group_id:null
shape_type:polygon
flags:{}
label:poor
points:[285,282][279,288][277,297][279,304][277,309][278,315][274,323][272,349][250,361][237,365][234,362][234,361][232,359][232,358][230,356][230,355][228,353][228,352][227,351][227,350][226,349][226,348][225,347][225,346][224,345][224,344][223,343][223,342][222,341][222,340][194,328][179,328][174,332][179,339][179,344][173,352][174,365][161,375][134,387][121,389][117,397][117,408][215,499][241,477][243,462][249,445][248,444][248,443][247,442][247,440][246,439][246,438][245,437][245,436][244,435][244,434][243,433][243,431][242,430][242,428][241,427][241,421][240,420][241,416][240,415][242,392][252,389][265,378][286,375][298,363][303,362][340,339][345,328][344,327][344,325][325,335][312,333][313,309][312,308][312,307][311,306][311,303][310,302][310,301][309,300][309,299]
group_id:null
shape_type:polygon
flags:{}
imagePath:6.jpeg
imageData:null
imageHeight:512
imageWidth:512
