version:4.5.6
shapes:
label:fair
points:[244,393][242,480][378,382][383,369][369,360][326,365][337,347]
group_id:null
shape_type:polygon
flags:{}
label:fair
points:[159,99][193,73][161,25][170,3][58,14][102,54][0,181][176,151][299,81][290,164][248,169][246,205][277,192][267,316][223,340][237,364][285,281][314,331][373,310][350,306][353,285][343,255][316,308][316,297][294,249][297,229][287,215][325,195][340,251][378,169][369,152][511,105][511,13][480,20][481,6]
group_id:null
shape_type:polygon
flags:{}
label:poor
points:[285,282][272,349][237,365][174,332][117,408][215,499][249,445][240,415][345,328][312,333][313,309]
group_id:null
shape_type:polygon
flags:{}
imagePath:6.jpeg
imageData:null
imageHeight:512
imageWidth:512
