version:4.5.6
shapes:
label:fair
points:[170,439][171,445][204,443][195,437][195,425]
group_id:null
shape_type:polygon
flags:{}
label:fair
points:[166,395][167,397][178,397][178,393]
group_id:null
shape_type:polygon
flags:{}
label:fair
points:[163,257][257,283][256,282][256,281][255,280][255,278][254,277][265,274][263,272][263,271][261,269][261,268][251,270][230,261][197,253]
group_id:null
shape_type:polygon
flags:{}
label:fair
points:[511,34][487,56][477,50][462,81][448,97][447,100][442,105][448,114][426,129][416,144][416,146][406,159][406,161][398,172][398,177][436,144][463,119][463,115][462,114][462,108][461,107][461,103][460,102][460,97][511,43]
group_id:null
shape_type:polygon
flags:{}
label:fair
points:[279,6][256,16][209,55][176,51][176,50][170,44][170,43][160,33][106,37][75,67][53,57][27,80][0,69][0,96][233,195][242,214][318,239][328,235][333,242][331,277][258,313][269,317][254,395][351,383][409,395][408,394][408,389][407,388][407,383][406,382][406,377][405,376][405,368][404,367][404,363][403,362][403,357][402,356][402,351][401,350][401,345][400,344][400,340][399,339][399,334][398,333][398,328][397,327][397,322][396,321][405,280][437,262][437,251][386,231][384,242][407,249][404,259][363,240][353,256][341,255][341,253][340,252][340,250][339,249][339,247][338,246][338,244][334,241][345,230][333,223][341,209][341,154][340,153][340,135][339,134][339,121][338,120][338,106][337,105][337,95][333,91][330,87][330,86][326,82][326,81][320,75][320,74][316,70][316,69][310,63][315,28][331,11][330,10][330,7]
group_id:null
shape_type:polygon
flags:{}
label:fair
points:[509,2][491,9][470,36][476,39][481,27][489,31][510,10][509,9]
group_id:null
shape_type:polygon
flags:{}
label:fair
points:[414,0][393,35][384,47][384,49][374,63][363,81][348,81][346,83][347,86][358,91][359,93][344,113][346,122][367,111][369,100][368,99][368,98][366,96][366,95][365,94][383,66][407,54][407,48][437,1]
group_id:null
shape_type:polygon
flags:{}
label:fair
points:[361,2][362,31][362,28][373,0]
group_id:null
shape_type:polygon
flags:{}
label:poor
points:[249,396][248,414][262,429][244,432][245,441][221,447][222,464][392,499][419,478][452,472][464,485][487,479][487,474][486,473][486,469][403,467][403,451][435,448][435,437][434,436][434,432][426,420][426,418][425,417][425,412][424,411][424,406][423,405][423,400][350,385]
group_id:null
shape_type:polygon
flags:{}
label:poor
points:[341,212][335,220][347,229][338,240][342,253][352,254][363,237][404,257][405,251][383,242][385,229][384,227][371,214][371,213][364,219]
group_id:null
shape_type:polygon
flags:{}
imagePath:0.jpeg
imageData:null
imageHeight:512
imageWidth:512
