version:4.5.6
shapes:
label:fair
points:[0,6][0,19][48,19][68,48][62,60][50,46][14,38][1,51][2,78][28,79][31,71][35,81][111,90][112,62][109,55][109,53][106,48][110,35][120,35][121,11][145,0]
group_id:null
shape_type:polygon
flags:{}
label:poor
points:[0,85][1,129][63,165][76,167][116,148][144,131][143,130][143,126][142,125][142,123][141,122][141,120][124,114][117,109][117,99][115,97][115,96][112,94][100,92][82,94][76,104][66,110][50,105][46,102][37,99][33,96]
group_id:null
shape_type:polygon
flags:{}
imagePath:1.jpeg
imageData:null
imageHeight:512
imageWidth:512
