version:4.5.6
shapes:
label:fair
points:[209,254][223,267][227,250][224,245][224,244][219,236]
group_id:null
shape_type:polygon
flags:{}
label:fair
points:[291,233][290,266][346,300][352,283][346,275][346,274][342,270][342,263][341,262][341,250][337,244][337,243][314,240][301,229]
group_id:null
shape_type:polygon
flags:{}
label:fair
points:[128,130][117,193][117,286][124,301][166,256][165,255][165,251][163,246][163,242][129,224][130,201][141,184][141,163][154,159][170,172][186,170][216,139][215,138][215,135][212,128][212,126][184,147][162,135][162,133][149,122]
group_id:null
shape_type:polygon
flags:{}
label:fair
points:[341,59][340,77][306,75][306,74][302,70][266,81][266,91][307,97][358,85][365,95][375,88][367,98][377,91][367,98][370,125][362,135][372,187][354,256][362,297][374,297][382,317][378,327][388,335][389,346][408,338][434,338][468,321][468,315][467,314][467,308][466,307][466,305][435,289][425,309][428,298][426,295][426,293][423,288][401,288][409,258][407,255][415,134][409,126][411,113][413,115][416,97][415,96][420,80][399,74][399,73][394,67][394,66][387,60]
group_id:null
shape_type:polygon
flags:{}
label:fair
points:[98,0][121,21][119,40][273,50][280,46][280,21][224,10][224,9][220,3][204,3][198,14][188,5][188,4]
group_id:null
shape_type:polygon
flags:{}
label:poor
points:[315,1][296,59][312,81][338,75][339,59][400,61][396,67][421,80][416,96][509,100][510,72][468,61][468,58][467,57][467,45][464,41][464,40][462,38][462,37][455,30][455,29][446,23][418,23][406,17][406,15][402,8][402,6]
group_id:null
shape_type:polygon
flags:{}
label:poor
points:[2,1][0,69][30,74][66,69][85,95][92,77][95,88][89,120][97,120][102,129][111,130][135,118][140,110][150,109][164,86][174,80][193,85][209,109][216,103][217,83][223,72][239,83][240,73][270,58][274,51][116,41][119,26][117,24][117,23][113,19][113,18][108,10][107,8][107,7][87,0]
group_id:null
shape_type:polygon
flags:{}
label:severe
points:[113,281][106,287][105,305][110,335][143,458][263,410][295,392][296,366][267,337][267,336][227,297][197,308][142,315][124,310][124,308][123,307][123,306][122,305][122,303][121,302][121,301][120,300][120,299][119,298][119,296][118,295][118,294][117,293][117,291][116,290][116,289][115,288][115,286][114,285][114,284][113,283]
group_id:null
shape_type:polygon
flags:{}
imagePath:2.jpeg
imageData:null
imageHeight:512
imageWidth:512
