version:4.5.6
shapes:
label:fair
points:[44,303][34,325][16,328][3,347][1,381][19,361][24,478][43,490][0,483][0,510][71,509][87,483][138,448][140,427][139,426][139,406][103,382][102,379][102,377][101,376][101,374][100,373][100,371][99,370][137,357][137,337][136,336][136,308][135,307][135,299]
group_id:null
shape_type:polygon
flags:{}
label:fair
points:[411,198][410,212][422,218][418,225][251,231][110,247][140,263][141,282][291,250][396,244][465,234][465,230][464,229][464,227][463,226][463,224][462,223][462,220][429,208][429,207][428,206][428,205][427,204][427,203][426,202][426,201][425,200][425,199][424,198][424,197][423,196][423,195]
group_id:null
shape_type:polygon
flags:{}
label:fair
points:[284,186][271,210][284,213][298,207][297,206][297,199]
group_id:null
shape_type:polygon
flags:{}
label:fair
points:[366,181][352,208][360,214][389,211][389,207][388,206][388,198][382,189]
group_id:null
shape_type:polygon
flags:{}
label:fair
points:[230,172][217,185][218,205][234,210][233,201][233,193][230,178]
group_id:null
shape_type:polygon
flags:{}
label:fair
points:[127,127][117,135][117,207][89,205][88,197][88,189][87,188][88,146][86,143][86,141][83,136][83,134][57,141][58,201][68,213][214,211][160,129]
group_id:null
shape_type:polygon
flags:{}
label:fair
points:[335,86][333,125][344,147][358,157][368,149][347,129][347,127][346,126][346,124][344,121][344,119][343,118][343,116][342,115][342,112][341,111][341,109][340,108][340,106][339,105][339,102][338,101][338,98][337,97][337,94][336,93][336,89][335,88]
group_id:null
shape_type:polygon
flags:{}
label:fair
points:[7,3][0,14][6,125][24,101][47,147][55,121][54,120][54,110][51,89][51,79][50,78][50,67][49,66][49,55][48,54][48,43]
group_id:null
shape_type:polygon
flags:{}
label:poor
points:[1,98][0,305][140,286][141,271][112,252][58,239][57,224][57,209][55,194][55,138][46,148][44,142][44,140][41,134][41,132][24,103][5,125][5,120][2,108][2,103]
group_id:null
shape_type:polygon
flags:{}
imagePath:3.jpeg
imageData:null
imageHeight:512
imageWidth:512
