version:4.5.6
shapes:
label:fair
points:[257,40][263,45][248,42][248,40][247,39][247,36][218,27][223,20][237,19][234,16][234,15][216,13][216,12][213,9][213,8][207,2][204,18][181,44][194,51][190,71][190,66][189,65][189,60][188,59][188,58][173,59][168,74][176,82][169,93][254,79][228,68][228,65][227,64][228,56][274,63][278,50][277,49][280,49][274,63][297,66][298,55][279,50][316,51][406,12][388,3][378,17][367,17][358,25][356,23][356,22][354,20][354,19][352,17][367,12][368,1]
group_id:null
shape_type:polygon
flags:{}
label:poor
points:[127,75][121,81][119,93][124,100][167,92][174,81][171,78][160,78][160,77][159,76][159,75]
group_id:null
shape_type:polygon
flags:{}
label:poor
points:[229,57][230,67][236,73][253,78][297,78][296,77][296,67][278,67]
group_id:null
shape_type:polygon
flags:{}
label:poor
points:[212,3][218,14][232,8][239,18][223,29][253,33][273,13][274,2][235,0]
group_id:null
shape_type:polygon
flags:{}
imagePath:4.jpeg
imageData:null
imageHeight:512
imageWidth:512
