version:4.5.6
shapes:
label:fair
points:[193,351][175,358][178,368][192,368][197,378][206,377][218,401][229,408][230,374][228,372][228,371]
group_id:null
shape_type:polygon
flags:{}
label:fair
points:[252,329][263,333][277,366][276,415][279,428][281,392][280,391][280,367][279,366][280,337][279,336][279,335][278,334][278,333][276,331][276,330][275,329][275,328]
group_id:null
shape_type:polygon
flags:{}
label:fair
points:[221,298][213,303][202,339][204,346][215,337][219,326][220,320]
group_id:null
shape_type:polygon
flags:{}
label:fair
points:[328,282][320,306][287,304][275,294][272,309][283,327][338,331][349,321][370,336][377,328][365,309][360,301][360,300]
group_id:null
shape_type:polygon
flags:{}
label:fair
points:[156,263][110,290][134,309][166,311][165,301][166,286][156,278]
group_id:null
shape_type:polygon
flags:{}
label:fair
points:[121,241][113,255][118,262][133,258][131,254][131,252]
group_id:null
shape_type:polygon
flags:{}
label:fair
points:[141,186][131,229][153,238][151,220][151,212][148,199][148,194]
group_id:null
shape_type:polygon
flags:{}
label:fair
points:[475,177][436,184][424,180][424,179][423,178][423,177][422,176][422,174][421,173][421,172][420,171][420,170][419,169][419,168][390,206][390,218][384,227][389,241][462,221][511,205][511,164]
group_id:null
shape_type:polygon
flags:{}
label:fair
points:[221,163][198,172][195,172][188,175][185,175][164,184][160,184][150,178][150,177][147,175][141,182][158,191][172,194][186,189][199,183][225,169][228,163]
group_id:null
shape_type:polygon
flags:{}
label:fair
points:[164,7][154,95][143,143][143,161][158,146][167,31][166,30][166,22][165,21][165,14][164,13]
group_id:null
shape_type:polygon
flags:{}
label:fair
points:[508,1][462,1][461,2][408,2][407,3][375,3][374,4][365,4][364,5][352,6][305,35][284,54][284,57][289,68][290,78][291,79][291,88][285,102][282,106][245,114][244,113][244,112][243,111][243,110][242,109][242,108][240,106][240,105][226,110][223,110][219,112][216,112][212,114][209,114][187,130][187,135][186,136][185,148][194,145][199,145][207,150][228,158][243,158][251,162][416,63][421,61][502,12][511,9][511,0]
group_id:null
shape_type:polygon
flags:{}
label:poor
points:[196,352][224,368][253,365][252,364][252,351][221,336][221,333][220,332][220,329]
group_id:null
shape_type:polygon
flags:{}
label:poor
points:[180,279][170,291][168,328][187,311][191,293]
group_id:null
shape_type:polygon
flags:{}
imagePath:5.jpeg
imageData:null
imageHeight:512
imageWidth:512
