version:4.5.6
shapes:
label:fair
points:[327,347][309,360][300,364][286,376][267,379][250,393][244,393][241,415][243,427][250,443][249,453][243,466][242,480][272,456][340,407][353,401][356,401][378,382][383,369][369,360][359,361][350,367][340,368][326,365][327,361][337,347]
group_id:null
shape_type:polygon
flags:{}
label:fair
points:[471,1][447,18][398,32][392,42][379,45][379,42][378,41][378,39][312,61][293,56][263,73][175,102][159,99][193,73][192,72][192,70][191,69][191,64][190,63][190,59][189,58][189,53][188,52][188,50][187,49][187,47][184,42][184,40][161,25][170,3][78,3][58,14][77,52][102,54][76,80][75,123][1,159][0,181][177,156][177,152][176,151][176,126][214,99][239,103][256,90][299,81][314,102][314,118][296,127][302,137][290,164][248,169][246,205][251,180][262,177][277,192][279,230][267,316][223,340][237,364][271,349][277,310][276,309][277,290][285,281][310,298][314,331][373,310][367,304][350,306][353,285][352,284][352,277][351,276][351,270][347,263][347,262][344,258][344,256][343,255][343,253][339,250][334,267][329,262][323,309][316,308][316,297][315,296][315,289][314,288][314,283][313,282][313,280][312,279][312,276][309,279][297,261][297,259][296,258][296,255][295,254][295,250][294,249][297,229][292,225][289,221][289,219][288,218][288,216][287,215][300,189][314,187][325,195][329,214][334,210][340,251][348,213][347,212][347,206][346,205][348,198][355,211][364,183][379,176][378,175][378,169][376,166][376,164][375,163][375,161][372,157][372,156][369,152][388,144][392,123][511,105][511,13][480,20][481,6]
group_id:null
shape_type:polygon
flags:{}
label:poor
points:[285,282][279,288][272,349][237,365][230,356][230,355][222,341][222,340][194,328][174,332][179,344][173,352][174,365][121,389][117,408][215,499][241,477][249,445][247,442][247,440][243,433][243,431][242,430][242,428][241,427][241,421][240,420][241,416][240,415][242,392][265,378][286,375][340,339][345,328][344,327][344,325][325,335][312,333][313,309][311,306][311,303][309,300][309,299]
group_id:null
shape_type:polygon
flags:{}
imagePath:6.jpeg
imageData:null
imageHeight:512
imageWidth:512
