version:4.5.6
shapes:
label:fair
points:[488,198][485,204][485,216][484,217][481,214][481,213][474,206][461,213][203,238][72,254][52,254][51,255][31,255][30,256][11,256][10,257][0,257][0,297][71,290][196,271][362,254][377,273][377,261][376,260][376,258][380,253][388,248][490,239][491,242][484,264][497,278][498,290][509,306][510,242][511,241][511,206][495,198]
group_id:null
shape_type:polygon
flags:{}
label:fair
points:[167,138][155,145][145,143][132,152][105,157][109,180][121,180][129,161][169,172][174,191][180,196][189,181][190,156][188,153][188,152][178,148][177,146][177,144]
group_id:null
shape_type:polygon
flags:{}
label:fair
points:[372,103][353,114][339,115][313,123][314,132][324,136][328,136][332,139][332,149][325,164][312,173][300,186][305,189][318,191][326,174][351,144][361,123][388,110][388,109][387,108][387,104]
group_id:null
shape_type:polygon
flags:{}
label:fair
points:[394,100][405,116][402,131][411,145][432,152][439,110][438,109][438,104][420,106][404,91]
group_id:null
shape_type:polygon
flags:{}
label:fair
points:[1,1][0,69][20,14][28,58][124,74][132,47][130,43][130,40][128,36][128,33][126,29][126,27][125,26][125,23][124,22][124,18][123,17][123,4]
group_id:null
shape_type:polygon
flags:{}
label:fair
points:[237,0][209,53][208,112][217,117][249,120][270,96][281,66][297,55][303,38][302,37][302,36][301,35][301,34][300,33][300,17][305,2]
group_id:null
shape_type:polygon
flags:{}
label:poor
points:[403,119][397,142][415,160][402,204][427,204][433,185][443,200][453,185][452,184][453,175][453,200][474,201][484,215][488,169][456,163][451,175][456,163][447,161][444,167][447,161][406,139][401,131]
group_id:null
shape_type:polygon
flags:{}
label:poor
points:[125,4][133,48][123,77][78,67][62,70][27,61][27,54][26,53][26,41][25,40][25,31][22,24][22,21][20,17][20,15][0,70][1,241][70,236][76,241][195,224][193,221][193,219][190,214][190,212][188,209][188,207][176,192][177,191][172,189][172,185][171,184][171,180][170,179][170,175][132,162][123,180][109,181][104,174][100,169][100,168][96,164][70,172][51,160][89,158][103,130][111,138][124,126][123,125][147,111][158,71][162,4]
group_id:null
shape_type:polygon
flags:{}
label:poor
points:[205,5][205,32][194,62][197,69][189,84][192,155][259,157][310,154][312,164][291,185][276,187][277,196][296,216][398,206][366,200][323,205][337,184][347,181][371,121][388,112][362,123][318,192][299,187][324,164][331,143][330,142][330,139][315,139][308,132][308,121][307,120][307,117][306,116][306,114][301,105][301,103][300,102][300,100][299,99][299,97][298,96][300,76][315,64][344,60][343,59][343,57][342,56][342,53][323,57][313,49][313,48][308,43][308,42][305,39][300,53][285,64][271,98][248,122][215,119][207,112][209,48][236,1]
group_id:null
shape_type:polygon
flags:{}
label:severe
points:[192,156][182,198][193,218][207,226][293,215][291,212][288,209][288,208][285,205][285,204][270,197][276,184][292,183][311,161][310,160][310,157]
group_id:null
shape_type:polygon
flags:{}
label:severe
points:[371,123][349,181][336,187][324,205][366,199][398,204][415,165][414,164][414,161][400,153][400,152][397,148][397,147][396,146][396,144][395,143][395,135][394,134][401,114]
group_id:null
shape_type:polygon
flags:{}
imagePath:7.jpeg
imageData:null
imageHeight:512
imageWidth:512
