version:4.5.6
shapes:
label:fair
points:[54,298][50,307][50,312][52,316][63,311][68,311][72,314][72,317][80,315][91,322][108,319][112,321][123,321][146,335][152,326][162,320][165,308][150,313][143,320]
group_id:null
shape_type:polygon
flags:{}
label:fair
points:[345,297][327,307][322,308][316,311][308,308][295,319][315,324][323,325][324,326]
group_id:null
shape_type:polygon
flags:{}
label:fair
points:[346,278][330,290][310,289][276,280][274,288][280,292][330,301][353,278]
group_id:null
shape_type:polygon
flags:{}
label:fair
points:[110,233][103,253][91,256][106,271][115,251][114,246][112,241][112,238]
group_id:null
shape_type:polygon
flags:{}
label:fair
points:[212,232][169,252][162,253][138,262][133,275][188,253][190,254][189,259][148,277][139,286][140,295][163,301][196,281][195,280][196,278][249,289][249,285][248,284][248,279][245,277][241,278][234,274][229,277][226,276][226,275][223,272][223,271][222,270][211,274][195,271][195,270][194,269][195,267][230,249][229,248][229,247][228,246][228,245][216,237][216,236]
group_id:null
shape_type:polygon
flags:{}
label:fair
points:[345,15][331,24][318,68][339,79][337,87][322,92][343,90][349,81][371,76][367,71][367,70][359,53][360,27][359,26][359,23][358,20]
group_id:null
shape_type:polygon
flags:{}
label:fair
points:[410,0][450,24][443,44][468,90][455,92][450,105][465,109][465,127][420,136][397,130][403,103][432,102][430,99][430,97][419,78][419,72][418,71][418,52][406,38][406,35][404,31][404,28][381,28][401,71][397,101][383,101][380,143][306,146][317,128][292,120][303,107][250,93][250,78][236,79][249,126][231,148][195,159][200,163][190,161][206,146][187,150][204,137][166,129][187,144][165,133][155,154][129,154][130,147][117,139][117,121][116,120][116,102][128,94][142,110][137,148][145,151][154,134][147,127][151,118][192,113][191,107][200,83][184,83][173,70][173,68][160,62][146,79][137,66][137,64][111,46][111,34][110,97][81,93][81,134][68,143][0,147][0,157][83,164][84,197][95,195][102,180][119,177][132,186][135,224][138,208][137,207][137,200][152,202][155,211][146,218][146,248][162,241][160,237][162,219][160,214][175,201][185,209][184,231][200,229][195,217][195,213][192,207][204,193][224,189][225,173][220,165][238,169][242,215][249,212][251,167][268,171][266,221][272,194][271,193][276,169][427,176][433,183][501,177][510,184][511,122][485,118][509,107][482,103][488,89][509,81][511,0]
group_id:null
shape_type:polygon
flags:{}
label:poor
points:[488,90][485,105][511,111][489,112][491,123][511,121][511,83]
group_id:null
shape_type:polygon
flags:{}
label:poor
points:[366,3][352,14][359,20][360,53][372,76][320,97][321,108][349,110][346,127][314,134][308,145][379,143][379,124][378,123][382,96][387,104][397,98][401,78][400,77][400,72][386,51][389,44][388,40][379,28][385,17]
group_id:null
shape_type:polygon
flags:{}
imagePath:8.jpeg
imageData:null
imageHeight:512
imageWidth:512
