version:4.5.6
shapes:
label:fair
points:[223,323][208,337][208,347][204,355][208,364][226,376][240,376][270,390][280,391][297,401][322,402][326,398][327,392][329,391][340,395][344,377][335,374][337,360][314,346][294,342][284,336][272,336][239,324][230,326]
group_id:null
shape_type:polygon
flags:{}
label:fair
points:[399,221][362,217][352,246][360,247][375,236][378,276][394,276][400,269][422,271][429,264][433,240][420,238][420,236][418,233][420,217][415,213]
group_id:null
shape_type:polygon
flags:{}
label:fair
points:[422,198][417,212][426,211][439,204][443,196]
group_id:null
shape_type:polygon
flags:{}
label:fair
points:[472,132][458,127][453,132][435,129][427,151][431,156][503,160][511,167][511,133][495,122]
group_id:null
shape_type:polygon
flags:{}
label:fair
points:[400,77][377,87][376,99][383,104][390,102][405,104][425,89][441,81][409,76]
group_id:null
shape_type:polygon
flags:{}
label:fair
points:[333,18][332,33][345,25][372,53][377,44][405,67][412,3][371,2][373,38][368,30][368,27][367,26][367,23][366,22][366,14][365,13][368,4]
group_id:null
shape_type:polygon
flags:{}
label:fair
points:[183,2][174,5][172,36][176,44][194,37][202,44][212,41][214,20][238,4]
group_id:null
shape_type:polygon
flags:{}
label:fair
points:[299,1][296,65][297,63][285,193][298,139][306,163][337,170][346,161][367,169][387,198][400,195][402,181][427,161][426,160][426,154][404,151][418,142][416,139][416,137][412,130][412,115][384,119][363,109][363,107][360,101][360,98][355,85][355,83][336,90][334,104][353,96][347,121][326,118][328,97][327,96][327,91][324,82][324,80][318,77][323,60][318,56][319,47][307,45][329,17][326,13][327,1]
group_id:null
shape_type:polygon
flags:{}
label:fair
points:[27,7][18,15][32,112][51,93][59,71][72,75][78,122][68,153][55,146][55,142][54,141][54,137][53,136][53,132][52,131][52,127][51,126][51,122][50,121][50,112][49,111][49,108][32,119][42,214][31,228][41,263][38,273][5,273][1,379][41,363][0,395][13,402][48,390][54,398][133,352][167,347][177,335][200,332][217,319][216,318][216,312][215,311][216,293][224,289][228,306][240,297][247,299][240,311][266,327][276,305][261,298][272,289][282,293][275,328][332,343][345,305][344,304][344,300][343,299][343,296][339,291][339,290][294,279][345,251][350,237][349,236][349,233][348,232][348,230][334,228][358,223][358,211][346,211][349,190][310,201][314,220][307,227][285,221][285,219][284,218][284,216][264,220][264,217][263,216][263,213][262,212][262,206][261,205][261,184][250,224][233,221][228,230][221,226][184,249][171,250][137,278][142,291][109,307][49,293][63,256][77,249][93,280][102,259][106,265][113,219][125,206][163,208][204,182][220,182][242,159][199,145][188,160][187,177][181,182][175,176][127,170][112,180][108,175][108,174][103,167][103,165][100,160][100,157][99,156][99,152][98,151][98,146][97,145][97,139][96,138][96,133][95,132][95,126][94,125][94,120][93,119][93,113][92,112][93,57][92,56][94,30][93,29][93,14][92,13][92,7][91,6][91,1]
group_id:null
shape_type:polygon
flags:{}
label:poor
points:[242,161][221,183][204,183][163,209][125,207][115,220][112,258][103,264][103,262][93,281][85,277][85,271][84,270][84,265][82,262][82,260][80,257][80,255][78,252][78,250][61,260][50,293][109,306][141,291][138,287][138,286][135,282][140,270][203,235][183,233][183,221][205,208][213,216][203,235][241,218][248,222][261,177][260,176][260,172][259,171][259,168][258,167][258,163][257,162][257,159]
group_id:null
shape_type:polygon
flags:{}
label:poor
points:[296,143][293,187][282,209][287,222][303,224][312,209][310,205][310,203][308,200][355,180][333,170][302,158][302,148][301,147][301,141]
group_id:null
shape_type:polygon
flags:{}
label:poor
points:[319,75][353,79][361,71][370,76][381,65][386,72][393,69][385,57][385,56][376,50][370,56][366,50][349,38]
group_id:null
shape_type:polygon
flags:{}
label:poor
points:[328,1][331,18][335,11][344,9][358,2]
group_id:null
shape_type:polygon
flags:{}
label:severe
points:[205,209][184,221][184,233][190,237][210,227][212,216]
group_id:null
shape_type:polygon
flags:{}
imagePath:9.jpeg
imageData:null
imageHeight:512
imageWidth:512
