version:4.5.6
shapes:
label:fair
points:[186,428][176,437][170,439][171,445][204,444][204,443][203,442][203,440][195,437][195,425]
group_id:null
shape_type:polygon
flags:{}
label:fair
points:[166,395][167,397][178,397][178,393]
group_id:null
shape_type:polygon
flags:{}
label:fair
points:[163,257][196,267][200,267][203,269][211,270][214,272][218,272][221,274][236,277][239,279][243,279][257,284][257,283][256,282][256,281][255,280][255,278][254,277][261,274][265,274][263,272][263,271][261,269][261,268][251,270][230,261][225,261][222,259][197,253]
group_id:null
shape_type:polygon
flags:{}
label:fair
points:[511,34][510,36][503,41][501,44][487,56][483,53][481,53][477,50][470,64][470,66][462,81][455,90][454,90][450,96][448,97][447,100][442,105][448,114][445,117][426,129][416,144][416,146][406,159][406,161][398,172][398,177][407,168][412,165][413,163][422,156][423,154][436,144][441,138][446,135][449,131][463,119][463,115][462,114][462,108][461,107][461,103][460,102][460,97][485,70][486,70][493,61][500,54][501,54][510,43][511,43]
group_id:null
shape_type:polygon
flags:{}
label:fair
points:[279,6][277,8][272,9][270,11][263,13][261,15][256,16][246,23][243,27][209,55][195,55][194,54][180,54][176,51][176,50][170,44][170,43][160,33][106,37][75,67][53,57][27,80][15,74][0,69][0,96][26,107][28,109][31,109][59,121][61,123][92,135][94,137][104,140][106,142][113,144][115,146][125,149][127,151][137,154][139,156][146,158][148,160][158,163][160,165][170,168][172,170][179,172][181,174][191,177][193,179][212,186][214,188][233,195][235,197][236,202][242,214][245,214][247,216][266,221][268,223][293,230][301,234][308,235][318,239][320,237][328,235][333,242][331,277][286,300][281,301][258,313][265,314][269,317][254,395][270,394][275,392][284,392][289,390][298,390][303,388][341,383][351,383][355,385][361,385][364,387][376,388][380,390][385,390][389,392][409,395][408,394][408,389][407,388][407,383][406,382][406,377][405,376][405,368][404,367][404,363][403,362][403,357][402,356][402,351][401,350][401,345][400,344][400,340][399,339][399,334][398,333][398,328][397,327][397,322][396,321][401,298][403,295][405,295][405,280][410,276][437,262][437,251][429,249][415,242][412,242][410,240][407,240][405,238][386,231][384,242][388,242][391,244][403,246][407,249][404,259][385,250][380,249][370,243][365,242][363,240][353,256][342,256][341,255][341,253][340,252][340,250][339,249][339,247][338,246][338,244][337,243][337,242][335,240][336,241][335,242][334,241][345,230][333,223][341,209][341,154][340,153][340,135][339,134][339,121][338,120][338,106][337,105][337,95][335,93][335,92][333,91][333,90][330,87][330,86][326,82][326,81][320,75][320,74][316,70][316,69][310,63][315,28][330,14][331,11][330,10][330,7][329,6]
group_id:null
shape_type:polygon
flags:{}
label:fair
points:[509,2][497,8][491,9][490,12][480,23][479,26][470,36][476,39][479,33][479,30][481,27][487,31][489,31][510,17][510,10][509,9]
group_id:null
shape_type:polygon
flags:{}
label:fair
points:[414,0][408,9][403,19][398,25][393,35][384,47][384,49][374,63][374,65][363,81][348,81][346,83][347,86][349,86][356,91][358,91][359,93][355,97][348,109][344,113][346,122][357,116][359,116][367,111][369,100][368,99][368,98][366,96][366,95][365,94][373,82][373,80][383,66][387,65][389,63][391,63][393,61][395,61][397,59][399,59][407,54][407,48][425,21][430,11][437,1][426,1][425,0]
group_id:null
shape_type:polygon
flags:{}
label:fair
points:[370,0][369,1][361,2][361,15][362,16][362,31][362,28][373,0]
group_id:null
shape_type:polygon
flags:{}
label:poor
points:[289,391][284,393][275,393][270,395][249,396][248,414][262,429][259,433][244,432][245,441][221,447][222,464][269,473][273,475][303,480][307,482][328,485][332,487][371,494][375,496][387,497][392,499][419,478][424,478][428,476][452,472][464,485][487,479][487,474][486,473][486,469][403,467][403,451][435,448][435,437][434,436][434,432][433,431][433,430][432,429][432,428][428,424][428,423][427,422][427,421][426,420][426,418][425,417][425,412][424,411][424,406][423,405][423,400][422,399][422,398][416,396][405,396][376,389][362,388][350,385]
group_id:null
shape_type:polygon
flags:{}
label:poor
points:[341,212][335,220][336,223][338,223][347,229][338,240][342,253][352,254][360,240][363,237][376,244][378,244][384,248][389,249][391,251][404,257][405,251][398,249][396,247][383,242][385,229][384,228][384,227][371,214][371,213][369,213][364,219][361,217][351,215][348,213]
group_id:null
shape_type:polygon
flags:{}
imagePath:0.jpeg
imageData:null
imageHeight:512
imageWidth:512
