version:4.5.6
shapes:
label:fair
points:[48,0][0,6][0,19][48,19][59,46][68,48][62,60][59,58][59,57][56,54][56,53][54,51][54,50][50,46][50,45][14,38][1,51][2,78][15,77][19,81][28,79][31,71][35,81][52,80][79,91][111,90][112,62][111,61][111,58][109,55][109,53][108,52][108,51][107,50][107,49][106,48][110,35][120,35][121,11][141,6][145,0]
group_id:null
shape_type:polygon
flags:{}
label:poor
points:[0,85][0,106][1,107][1,129][32,148][34,148][38,151][40,151][44,154][46,154][49,157][51,157][63,165][76,167][78,165][80,165][95,157][97,157][101,154][103,154][114,148][116,148][130,139][132,139][144,131][143,130][143,126][142,125][142,123][141,122][141,120][124,114][117,109][117,99][115,97][115,96][112,94][101,93][100,92][89,93][88,94][82,94][76,104][66,110][53,105][50,105][46,102][37,99][33,96][30,96][27,94][24,94]
group_id:null
shape_type:polygon
flags:{}
imagePath:1.jpeg
imageData:null
imageHeight:512
imageWidth:512
