version:4.5.6
shapes:
label:fair
points:[324,15][321,15][292,25][257,40][263,45][259,47][254,47][249,44][249,43][248,42][248,40][247,39][247,36][246,35][246,34][222,30][218,27][223,20][237,20][237,19][234,16][234,15][232,13][219,16][216,13][216,12][213,9][213,8][207,2][204,18][197,26][189,31][181,41][181,44][194,51][194,66][191,72][190,71][190,66][189,65][189,60][188,59][188,58][187,57][181,57][180,56][173,59][172,67][168,74][176,82][169,93][180,91][189,91][191,89][237,81][242,81][243,80][248,80][249,79][254,79][240,76][228,68][228,65][227,64][227,57][228,56][243,56][245,58][250,59][258,58][274,63][278,50][277,49][279,48][280,49][278,50][274,63][280,66][291,65][292,66][297,66][298,55][293,52][292,53][283,53][279,50][283,49][292,51][294,53][295,52][308,52][309,51][316,51][324,47][374,29][406,12][388,3][378,17][367,17][358,25][356,23][356,22][354,20][354,19][352,17][353,15][367,12][367,7][368,6][368,1]
group_id:null
shape_type:polygon
flags:{}
label:poor
points:[127,75][121,81][119,93][124,100][137,100][167,92][174,81][171,78][160,78][160,77][159,76][159,75][157,73]
group_id:null
shape_type:polygon
flags:{}
label:poor
points:[229,57][230,67][236,73][244,74][253,78][273,76][291,80][297,78][296,77][296,67][287,66][278,67][257,60][248,60][242,57]
group_id:null
shape_type:polygon
flags:{}
label:poor
points:[212,3][213,7][218,14][232,8][239,18][237,21][235,21][223,29][235,32][244,33][253,33][263,25][273,13][274,2][261,2][260,1][236,1][235,0]
group_id:null
shape_type:polygon
flags:{}
imagePath:4.jpeg
imageData:null
imageHeight:512
imageWidth:512
