version:4.5.6
shapes:
label:fair
points:[193,351][175,358][178,368][192,368][197,378][206,377][211,385][211,387][213,390][213,392][215,395][215,397][218,401][229,408][229,400][230,399][230,374][228,372][228,371][222,367][214,366][205,361]
group_id:null
shape_type:polygon
flags:{}
label:fair
points:[252,329][263,333][277,366][279,428][281,392][280,391][280,367][279,366][280,337][279,336][279,335][278,334][278,333][276,331][276,330][275,329][275,328]
group_id:null
shape_type:polygon
flags:{}
label:fair
points:[221,298][213,303][209,318][202,339][203,340][203,345][204,346][215,337][219,326][219,321][220,320][220,303][221,302]
group_id:null
shape_type:polygon
flags:{}
label:fair
points:[328,282][320,306][287,305][287,304][275,294][272,309][283,319][283,327][338,331][349,321][370,336][377,328][373,322][373,321][370,317][370,316][367,312][365,309][365,308][362,304][362,303][360,301][360,300][349,291][337,291]
group_id:null
shape_type:polygon
flags:{}
label:fair
points:[156,263][134,279][114,281][110,290][119,299][134,309][156,309][166,311][166,302][165,301][165,291][164,290][166,286][156,278]
group_id:null
shape_type:polygon
flags:{}
label:fair
points:[121,241][113,255][118,262][133,258][132,257][132,255][131,254][131,252]
group_id:null
shape_type:polygon
flags:{}
label:fair
points:[141,186][131,229][153,238][153,230][152,229][152,221][151,220][151,212][149,205][149,200][148,199][148,194]
group_id:null
shape_type:polygon
flags:{}
label:fair
points:[475,177][465,178][464,179][459,179][458,180][443,182][442,183][437,183][436,184][426,182][424,180][424,179][423,178][423,177][422,176][422,174][421,173][421,172][420,171][420,170][419,169][419,168][404,189][396,197][390,206][390,218][384,227][384,230][389,241][426,230][433,229][440,227][444,225][447,225][451,223][462,221][469,218][476,217][480,215][483,215][511,205][511,164]
group_id:null
shape_type:polygon
flags:{}
label:fair
points:[221,163][212,167][210,167][207,169][198,172][195,172][188,175][185,175][182,177][174,179][171,181][169,181][164,184][160,184][157,182][155,182][150,178][150,177][147,175][141,182][158,191][161,191][162,192][165,192][169,194][172,194][186,189][197,183][199,183][215,175][217,173][225,169][228,163]
group_id:null
shape_type:polygon
flags:{}
label:fair
points:[164,7][164,20][156,70][154,95][143,143][143,161][152,155][158,146][162,114][162,97][163,96][163,83][164,70][165,69][167,31][166,30][166,22][165,21][165,14][164,13]
group_id:null
shape_type:polygon
flags:{}
label:fair
points:[508,1][462,1][461,2][408,2][407,3][375,3][374,4][365,4][364,5][356,5][355,6][352,6][327,22][324,23][319,27][305,35][297,43][296,43][284,54][284,57][286,60][287,65][289,68][289,71][290,72][290,78][291,79][291,88][288,93][288,95][285,100][285,102][282,106][279,106][278,107][274,107][273,108][269,108][268,109][265,109][264,110][260,110][259,111][255,111][254,112][250,112][249,113][246,113][245,114][244,113][244,112][243,111][243,110][242,109][242,108][240,106][240,105][226,110][223,110][219,112][216,112][212,114][209,114][187,130][187,135][186,136][186,145][185,148][186,147][189,147][190,146][193,146][194,145][199,145][207,150][209,150][214,153][216,153][219,155][228,158][243,158][251,162][297,135][302,131][347,105][349,103][354,101][364,94][414,65][416,63][421,61][436,51][451,43][456,39][461,37][502,12][511,9][511,0]
group_id:null
shape_type:polygon
flags:{}
label:poor
points:[219,327][207,348][196,352][224,368][253,365][252,364][252,351][250,349][250,348][249,347][246,349][222,340][222,337][221,336][221,333][220,332][220,329][219,328]
group_id:null
shape_type:polygon
flags:{}
label:poor
points:[180,279][170,291][168,328][174,327][187,311][191,293][190,292][190,287][189,286][189,284]
group_id:null
shape_type:polygon
flags:{}
imagePath:5.jpeg
imageData:null
imageHeight:512
imageWidth:512
