version:4.5.6
shapes:
label:fair
points:[54,298][50,307][50,312][52,316][63,311][68,311][72,314][72,317][74,317][77,315][80,315][82,317][89,320][91,322][102,320][103,319][108,319][112,321][123,321][133,326][146,335][152,326][162,320][164,309][165,308][150,313][143,320][126,315][98,309][97,308][77,304][73,303][72,302][69,302][68,301][65,301][64,300][60,300]
group_id:null
shape_type:polygon
flags:{}
label:fair
points:[345,297][327,307][322,308][316,311][308,308][295,319][302,320][306,321][307,322][310,322][311,323][314,323][315,324][319,324][320,325][323,325][324,326]
group_id:null
shape_type:polygon
flags:{}
label:fair
points:[346,278][335,285][330,290][320,290][319,289][310,289][276,280][274,288][280,292][289,292][302,297][322,300][329,300][330,301][353,278]
group_id:null
shape_type:polygon
flags:{}
label:fair
points:[110,233][106,247][103,253][91,256][92,262][106,271][115,251][114,250][114,246][113,245][113,242][112,241][112,238][111,237][111,235][110,234]
group_id:null
shape_type:polygon
flags:{}
label:fair
points:[212,232][201,238][199,238][194,241][192,241][187,244][182,245][169,252][162,253][152,258][145,259][138,262][136,270][133,275][170,260][175,259][188,253][190,254][189,255][189,259][182,263][180,263][173,267][171,267][166,270][164,270][157,274][155,274][150,277][148,277][139,286][140,295][145,297][154,299][162,300][163,301][196,281][195,280][196,278][208,281][213,281][214,282][218,282][219,283][223,283][224,284][228,284][229,285][234,285][235,286][239,286][249,289][249,285][248,284][248,279][245,277][241,278][234,274][229,277][226,276][226,275][223,272][223,271][222,270][211,274][206,272][196,272][195,271][195,270][194,269][195,267][230,249][229,248][229,247][228,246][228,245][224,241][216,237][216,236]
group_id:null
shape_type:polygon
flags:{}
label:fair
points:[345,15][331,24][318,68][339,79][337,87][325,87][322,92][343,90][349,81][371,76][369,74][369,73][367,71][367,70][364,66][363,64][363,63][362,62][362,60][361,59][361,57][360,56][360,54][359,53][360,27][359,26][359,23][358,22][358,20][356,18][356,17]
group_id:null
shape_type:polygon
flags:{}
label:fair
points:[410,0][412,5][424,7][450,24][443,44][445,55][468,90][455,92][450,105][465,109][465,127][429,131][420,136][398,132][398,131][397,130][397,110][403,103][432,102][431,101][431,100][430,99][430,97][429,96][429,95][428,94][428,93][427,92][427,91][426,90][426,89][424,87][424,86][423,85][423,84][421,82][421,81][420,80][420,79][419,78][419,72][418,71][418,52][408,45][408,43][407,42][407,39][406,38][406,35][405,34][405,32][404,31][404,28][381,28][390,45][387,51][401,71][397,101][385,105][385,104][384,103][384,102][383,101][383,99][379,107][380,143][370,149][357,144][323,150][306,146][317,128][299,127][292,120][303,107][269,106][251,98][251,94][250,93][250,78][236,79][238,109][249,126][240,131][231,148][216,147][216,146][214,144][214,143][195,159][200,163][190,161][190,158][189,157][195,159][206,146][190,149][188,154][188,151][187,150][188,146][190,149][205,145][205,142][204,141][204,137][203,136][203,133][202,132][202,131][166,129][187,144][177,137][171,139][165,133][155,141][155,154][129,154][130,147][117,139][117,121][116,120][116,102][128,94][138,100][142,110][135,138][137,148][145,151][154,134][147,127][151,118][192,113][192,108][191,107][200,83][191,80][184,83][175,75][175,74][174,73][174,71][173,70][173,68][172,67][172,66][171,65][171,64][160,62][146,79][140,75][140,73][139,72][139,70][138,69][138,67][137,66][137,64][135,62][135,61][134,60][134,59][119,54][111,46][111,34][106,38][110,97][81,93][81,134][68,143][0,147][0,157][83,164][84,197][95,195][102,180][119,177][132,186][135,224][138,208][137,207][137,200][152,202][155,211][146,218][146,248][162,241][161,240][161,238][160,237][162,219][161,218][161,215][160,214][169,202][175,201][185,209][184,231][199,233][200,229][199,228][199,227][198,226][198,225][197,224][197,222][196,221][196,218][195,217][195,213][194,212][194,210][193,209][193,208][192,207][204,193][224,189][225,173][224,172][224,169][223,168][223,166][220,165][238,169][242,215][249,212][251,167][268,171][266,221][270,219][272,194][271,193][271,176][276,169][427,176][433,183][447,177][501,177][510,184][511,122][492,125][485,118][489,111][505,111][509,107][484,107][484,106][483,105][483,104][482,103][488,89][509,81][511,0]
group_id:null
shape_type:polygon
flags:{}
label:poor
points:[503,86][494,87][488,90][483,99][485,105][510,105][511,111][500,113][489,112][486,118][491,123][511,121][511,83][509,83]
group_id:null
shape_type:polygon
flags:{}
label:poor
points:[366,3][352,14][359,20][360,53][372,76][348,83][345,90][320,97][324,101][321,108][349,110][346,127][326,128][314,134][308,145][323,149][379,143][379,124][378,123][382,96][387,104][397,98][401,78][400,77][400,72][397,67][397,66][395,64][395,63][391,59][391,58][389,56][389,55][387,53][386,51][389,44][388,43][388,40][387,39][387,38][385,36][385,35][383,33][383,32][379,28][385,17][384,16][384,14][383,13][383,12]
group_id:null
shape_type:polygon
flags:{}
imagePath:8.jpeg
imageData:null
imageHeight:512
imageWidth:512
