version:4.5.6
shapes:
label:fair
points:[223,323][214,333][208,337][208,347][206,350][206,352][204,355][208,364][223,373][226,376][240,376][253,381][270,390][280,391][297,401][302,401][303,402][308,402][309,403][315,403][316,402][322,402][326,398][327,392][329,391][333,393][336,393][340,395][344,377][343,376][339,376][335,374][335,367][337,360][330,355][327,355][314,346][294,342][284,336][272,336][261,332][254,328][239,324][235,325][234,326][230,326][225,323]
group_id:null
shape_type:polygon
flags:{}
label:fair
points:[399,221][379,220][370,216][362,217][363,223][352,246][360,247][375,236][376,240][375,247][377,251][377,261][374,269][378,276][394,276][400,269][402,271][408,270][409,271][422,271][429,264][433,240][423,239][422,240][420,238][420,236][419,235][419,234][418,233][420,217][415,213]
group_id:null
shape_type:polygon
flags:{}
label:fair
points:[440,197][427,197][426,198][422,198][420,200][417,212][426,211][439,204][443,196]
group_id:null
shape_type:polygon
flags:{}
label:fair
points:[485,124][472,132][465,128][458,127][453,132][443,132][435,129][430,135][427,151][431,156][454,158][473,158][474,159][503,160][506,167][511,167][511,133][506,128][495,122]
group_id:null
shape_type:polygon
flags:{}
label:fair
points:[400,77][395,80][384,83][377,87][376,99][383,104][384,103][389,103][390,102][398,102][402,104][405,104][425,89][441,81][422,78][421,77][410,77][409,76]
group_id:null
shape_type:polygon
flags:{}
label:fair
points:[363,2][345,10][333,18][330,25][332,33][338,32][345,25][347,34][352,39][363,44][367,51][372,53][377,44][405,67][409,13][412,3][371,2][370,24][371,36][374,39][372,39][373,38][370,35][370,34][369,33][369,31][368,30][368,27][367,26][367,23][366,22][366,14][365,13][368,4]
group_id:null
shape_type:polygon
flags:{}
label:fair
points:[183,2][174,5][174,15][173,16][172,36][176,44][178,44][185,39][194,37][202,44][212,41][214,20][217,17][238,4][236,3][210,3][209,2]
group_id:null
shape_type:polygon
flags:{}
label:fair
points:[299,1][295,7][296,65][297,63][285,193][291,188][298,139][303,141][306,163][337,170][346,161][358,170][367,169][379,182][381,194][387,198][400,195][402,181][414,166][427,161][426,160][426,154][404,151][414,149][418,142][417,141][417,140][416,139][416,137][415,136][415,135][414,134][414,133][413,132][413,131][412,130][412,115][397,112][384,119][364,111][364,110][363,109][363,107][362,106][362,105][361,104][361,102][360,101][360,98][359,97][359,95][358,94][358,92][357,91][357,89][356,88][356,86][355,85][355,83][350,81][336,90][334,104][353,96][347,121][345,119][345,118][344,117][344,116][326,118][328,97][327,96][327,91][326,90][326,86][325,85][325,83][324,82][324,80][318,77][323,60][318,56][319,47][317,45][317,44][307,45][317,28][327,23][329,17][327,15][327,14][326,13][327,1]
group_id:null
shape_type:polygon
flags:{}
label:fair
points:[80,1][61,5][36,5][27,7][18,15][18,25][19,26][19,46][27,65][27,75][26,76][26,87][27,88][27,96][32,112][51,93][59,71][65,69][72,75][72,88][73,89][73,110][78,122][76,128][75,139][68,153][66,153][55,146][55,142][54,141][54,137][53,136][53,132][52,131][52,127][51,126][51,122][50,121][50,112][49,111][49,108][45,107][37,113][32,119][38,140][38,169][37,170][37,189][40,199][42,214][31,228][31,240][38,252][41,263][38,273][27,274][20,272][5,273][1,278][3,297][2,298][2,305][1,306][1,313][0,314][0,347][1,348][1,379][37,363][39,364][38,363][40,362][41,363][0,395][13,402][48,390][54,398][87,383][108,370][133,352][141,352][142,353][151,353][167,347][175,340][177,335][200,332][217,323][217,319][216,318][216,312][215,311][216,293][220,290][224,289][226,295][226,303][228,306][231,306][238,302][240,297][246,297][247,299][240,309][240,311][264,327][266,327][273,317][276,305][261,298][262,296][272,289][275,289][282,293][282,303][281,304][281,315][275,328][306,335][313,338][325,339][332,343][334,342][336,334][345,316][345,305][344,304][344,300][343,299][343,296][342,295][342,294][339,291][339,290][331,290][325,287][312,286][304,281][294,279][345,251][350,242][350,237][349,236][349,233][348,232][348,230][347,229][337,230][334,228][335,227][352,227][358,223][358,211][347,212][346,211][346,197][349,190][338,190][331,193][315,196][310,201][314,211][314,220][307,227][296,223][287,223][285,221][285,219][284,218][284,216][283,215][283,214][282,213][282,212][273,221][265,221][264,220][264,217][263,216][263,213][262,212][262,206][261,205][261,184][255,202][254,218][250,224][241,219][233,221][228,230][221,226][216,227][198,242][184,249][171,250][159,261][156,267][141,271][137,278][138,285][142,291][138,294][136,294][133,297][129,297][119,305][112,305][109,307][108,306][97,306][82,301][72,300][64,297][51,295][49,293][57,266][63,256][75,251][77,249][79,250][81,257][84,260][86,275][88,278][93,280][102,259][106,265][111,258][112,251][113,219][125,206][146,207][147,208][163,208][204,182][220,182][226,173][232,173][242,159][231,157][207,146][199,145][188,160][187,177][181,182][175,176][158,177][137,171][127,170][112,180][109,177][109,176][108,175][108,174][106,172][106,171][105,170][105,169][103,167][103,165][102,164][102,163][101,162][101,161][100,160][100,157][99,156][99,152][98,151][98,146][97,145][97,139][96,138][96,133][95,132][95,126][94,125][94,120][93,119][93,113][92,112][92,85][93,84][93,57][92,56][92,50][93,49][94,30][93,29][93,14][92,13][92,7][91,6][91,1]
group_id:null
shape_type:polygon
flags:{}
label:poor
points:[242,161][228,179][221,183][204,183][163,209][147,209][146,208][128,208][125,207][115,220][115,229][114,230][114,240][113,241][113,251][112,252][112,258][105,267][104,266][104,265][103,264][103,262][102,261][102,260][93,281][91,281][85,277][85,271][84,270][84,265][83,264][83,263][82,262][82,260][81,259][81,258][80,257][80,255][79,254][79,253][78,252][78,250][61,260][50,293][65,297][108,305][109,306][141,291][140,290][140,289][138,287][138,286][136,284][136,283][135,282][140,270][145,267][152,267][170,249][175,248][184,248][203,235][202,233][190,238][183,233][183,221][192,213][205,208][213,216][212,217][212,222][211,223][211,227][208,230][202,233][203,235][216,226][230,222][233,220][241,218][248,222][261,177][260,176][260,172][259,171][259,168][258,167][258,163][257,162][257,159]
group_id:null
shape_type:polygon
flags:{}
label:poor
points:[296,143][293,187][282,209][287,222][303,224][312,215][312,209][311,208][311,206][310,205][310,203][309,202][309,201][308,200][315,195][355,183][355,180][354,179][354,178][333,170][333,169][304,164][304,162][303,161][303,159][302,158][302,148][301,147][301,141]
group_id:null
shape_type:polygon
flags:{}
label:poor
points:[324,62][319,75][335,73][353,79][361,71][370,76][381,65][386,72][393,69][390,66][390,65][385,57][385,56][376,50][370,56][367,53][367,52][366,51][366,50][359,47][359,46][358,45][358,44][357,43][357,42][349,38]
group_id:null
shape_type:polygon
flags:{}
label:poor
points:[328,1][328,9][331,18][333,13][335,11][344,9][358,2][346,2][345,1]
group_id:null
shape_type:polygon
flags:{}
label:severe
points:[205,209][192,214][184,221][184,233][190,237][208,229][210,227][211,222][211,217][212,216]
group_id:null
shape_type:polygon
flags:{}
imagePath:9.jpeg
imageData:null
imageHeight:512
imageWidth:512
