version:4.5.6
shapes:
label:fair
points:[177,302][174,337][180,337][186,322][183,317][182,314][182,310][181,309][181,305]
group_id:null
shape_type:polygon
flags:{}
label:fair
points:[209,297][218,304][223,319][257,319][272,313][285,314][292,308][292,300][290,298][290,297][263,297][259,305][252,301][252,300][251,299][251,298][249,296][249,295][231,297][225,294]
group_id:null
shape_type:polygon
flags:{}
label:fair
points:[161,265][158,277][155,280][146,283][142,298][141,309][127,305][126,306][110,306][109,307][93,307][74,302][73,303][52,304][35,312][32,312][27,315][17,316][4,314][2,325][13,328][34,329][55,325][65,328][98,326][102,328][106,328][111,334][147,335][160,324][162,302][162,268][161,267]
group_id:null
shape_type:polygon
flags:{}
label:poor
points:[508,185][505,187][462,188][459,190][458,196][460,200][488,191][510,189][510,188][509,187][509,186]
group_id:null
shape_type:polygon
flags:{}
imagePath:10.jpeg
imageData:null
imageHeight:512
imageWidth:512
