version:4.5.6
shapes:
label:fair
points:[219,235][209,254][223,267][227,250][224,245][224,244][221,240][221,239][220,238][220,237][219,236]
group_id:null
shape_type:polygon
flags:{}
label:fair
points:[291,233][290,247][293,253][290,266][341,298][346,300][352,283][351,282][351,281][350,280][350,279][346,275][346,274][342,270][342,263][341,262][341,250][339,248][339,247][338,246][338,245][337,244][337,243][333,242][332,243][324,243][314,240][301,229]
group_id:null
shape_type:polygon
flags:{}
label:fair
points:[128,130][124,140][121,162][121,182][117,193][117,217][120,228][117,256][117,286][124,301][145,278][160,269][166,256][165,255][165,251][164,250][164,247][163,246][163,242][156,235][138,232][129,224][130,201][141,184][141,163][154,159][170,172][186,170][216,142][216,139][215,138][215,135][214,134][214,132][213,131][213,129][212,128][212,126][200,133][184,147][169,144][165,141][165,140][164,139][164,138][163,137][163,136][162,135][162,133][149,122]
group_id:null
shape_type:polygon
flags:{}
label:fair
points:[341,59][340,77][313,83][310,80][310,79][306,75][306,74][302,70][302,69][300,67][297,67][266,81][266,91][284,97][307,97][315,94][358,85][365,95][375,88][376,89][375,90][374,89][365,95][367,98][377,91][378,92][377,93][376,92][367,98][369,105][369,124][370,125][362,135][372,187][366,226][354,256][355,257][355,270][359,283][359,290][362,297][374,297][375,309][382,317][378,318][378,327][388,335][389,346][408,338][434,338][468,321][468,315][467,314][467,308][466,307][466,305][435,289][426,310][425,309][428,298][427,297][427,296][426,295][426,293][425,292][425,291][424,290][424,289][423,288][423,287][402,289][401,288][409,258][408,257][408,256][407,255][408,230][409,229][409,214][410,213][410,199][411,198][415,134][414,133][414,132][410,128][410,127][409,126][411,113][413,115][416,97][415,96][415,89][420,80][410,79][399,74][399,73][396,70][396,69][394,67][394,66][387,60][384,62][379,60][354,60][353,59]
group_id:null
shape_type:polygon
flags:{}
label:fair
points:[98,0][111,8][121,21][119,40][132,43][221,45][273,50][280,46][280,21][226,14][226,13][225,12][225,11][224,10][224,9][222,7][222,6][221,5][221,4][220,3][220,2][204,3][198,14][188,5][188,4][169,0]
group_id:null
shape_type:polygon
flags:{}
label:poor
points:[349,0][315,1][296,59][312,81][329,79][338,75][339,59][345,57][386,60][387,59][400,61][396,67][401,74][410,78][421,80][416,96][492,101][509,100][510,72][494,67][473,67][469,63][469,62][468,61][468,58][467,57][467,45][466,44][466,43][464,41][464,40][462,38][462,37][455,30][455,29][451,25][446,23][432,24][427,21][418,23][406,17][406,15][405,14][405,13][404,12][404,11][403,10][403,9][402,8][402,6][401,5][401,4][393,6][372,2]
group_id:null
shape_type:polygon
flags:{}
label:poor
points:[2,1][2,15][1,16][1,66][0,69][3,72][18,73][19,74][30,74][66,69][85,95][92,77][94,80][95,88][90,105][89,120][97,120][102,129][111,130][135,118][140,110][150,109][156,96][164,86][174,80][175,81][185,81][193,85][209,109][216,103][217,83][223,72][239,83][240,73][242,71][254,67][270,58][274,51][264,51][263,50][250,50][249,49][230,49][229,48][207,48][206,47][184,47][183,46][161,46][160,45][141,45][140,44][120,43][116,41][119,26][117,24][117,23][113,19][113,18][111,16][111,15][110,14][110,13][109,12][109,11][108,10][108,9][107,8][107,7][87,0]
group_id:null
shape_type:polygon
flags:{}
label:severe
points:[113,281][106,287][106,303][105,305][106,306][106,311][107,312][107,317][108,318][108,323][109,324][109,329][110,330][110,335][122,379][124,383][124,386][126,390][126,393][129,400][143,458][221,426][226,425][231,422][236,421][241,418][246,417][251,414][263,410][295,392][295,388][296,387][296,366][267,337][267,336][227,297][218,299][213,302][208,303][197,308][193,308][192,309][180,309][179,310][165,310][142,315][141,314][126,312][124,310][124,308][123,307][123,306][122,305][122,303][121,302][121,301][120,300][120,299][119,298][119,296][118,295][118,294][117,293][117,291][116,290][116,289][115,288][115,286][114,285][114,284][113,283]
group_id:null
shape_type:polygon
flags:{}
imagePath:2.jpeg
imageData:null
imageHeight:512
imageWidth:512
