version:4.5.6
shapes:
label:fair
points:[104,301][83,301][82,302][44,303][41,313][34,325][16,328][3,347][1,381][8,375][19,361][20,362][20,391][21,392][22,439][21,440][21,467][24,478][36,490][42,489][43,490][39,493][35,489][34,490][15,489][0,483][0,510][25,510][26,509][71,509][87,483][138,448][140,441][140,427][139,426][139,406][138,405][138,404][106,390][106,389][105,388][105,386][104,385][104,383][103,382][103,380][102,379][102,377][101,376][101,374][100,373][100,371][99,370][101,368][137,357][137,337][136,336][136,308][135,307][135,299]
group_id:null
shape_type:polygon
flags:{}
label:fair
points:[421,193][411,198][410,212][422,218][418,225][374,226][373,227][338,227][337,228][301,228][300,229][251,231][250,232][122,244][118,246][110,247][110,248][140,263][142,271][141,282][143,283][291,250][304,250][305,249][320,249][321,248][334,248][335,247][350,247][351,246][366,246][367,245][382,245][383,244][396,244][465,234][465,230][464,229][464,227][463,226][463,224][462,223][462,220][461,219][461,218][460,217][440,216][430,210][430,209][429,208][429,207][428,206][428,205][427,204][427,203][426,202][426,201][425,200][425,199][424,198][424,197][423,196][423,195]
group_id:null
shape_type:polygon
flags:{}
label:fair
points:[284,186][278,198][271,210][280,213][284,213][298,208][298,207][297,206][297,199][296,198][296,197][285,186]
group_id:null
shape_type:polygon
flags:{}
label:fair
points:[366,181][352,208][360,214][389,211][389,207][388,206][388,198][385,194][385,193][383,191][383,190][382,189][382,188]
group_id:null
shape_type:polygon
flags:{}
label:fair
points:[230,172][218,205][234,210][233,201][233,193][230,178]
group_id:null
shape_type:polygon
flags:{}
label:fair
points:[127,127][117,135][117,207][89,205][89,198][88,197][88,189][87,188][88,146][86,143][86,141][83,136][83,134][57,141][58,201][68,213][214,211][211,208][207,205][207,204][202,196][202,195][195,184][195,183][192,180][192,179][189,176][189,175][186,172][186,171][181,164][181,163][160,129][160,128]
group_id:null
shape_type:polygon
flags:{}
label:fair
points:[335,86][333,125][344,147][358,157][368,149][346,126][346,124][342,115][342,112][340,108][340,106][339,105][339,102][338,101][338,98][337,97][337,94][336,93][336,89][335,88]
group_id:null
shape_type:polygon
flags:{}
label:fair
points:[7,3][0,14][6,125][24,101][47,147][56,133][55,132][55,121][54,120][54,110][53,109][53,100][52,99][52,90][51,89][51,79][50,78][50,67][49,66][49,55][48,54][48,43][47,42][47,37][41,28][41,27][34,17][34,16][29,11][29,10][24,5][24,4]
group_id:null
shape_type:polygon
flags:{}
label:poor
points:[1,98][0,305][140,286][141,271][112,252][112,251][106,245][106,244][58,239][58,225][57,224][57,209][56,208][56,195][55,194][55,164][54,163][55,138][46,148][46,146][45,145][45,143][44,142][44,140][42,137][42,135][41,134][41,132][27,107][27,106][24,103][5,125][5,120][4,119][4,115][3,114][3,109][2,108][2,103][1,102]
group_id:null
shape_type:polygon
flags:{}
imagePath:3.jpeg
imageData:null
imageHeight:512
imageWidth:512
