version:4.5.6
shapes:
label:fair
points:[488,198][485,204][485,216][484,217][481,214][481,213][474,206][461,213][382,220][381,221][361,222][351,223][350,224][341,224][340,225][331,225][330,226][321,226][320,227][311,227][310,228][301,228][300,229][272,231][271,232][262,232][261,233][233,235][232,236][223,236][222,237][213,237][212,238][203,238][82,253][73,253][72,254][52,254][51,255][31,255][30,256][11,256][10,257][0,257][0,297][71,290][196,271][362,254][377,273][377,261][376,260][376,258][380,253][388,248][397,248][398,247][408,247][409,246][419,246][420,245][430,245][431,244][441,244][442,243][490,239][491,242][484,264][497,278][498,290][509,306][510,242][511,241][511,206][495,198]
group_id:null
shape_type:polygon
flags:{}
label:fair
points:[167,138][155,145][145,143][132,152][120,153][105,157][105,166][109,180][121,180][129,161][133,161][157,170][169,172][171,175][174,191][177,190][178,191][177,192][180,196][189,181][190,156][189,155][189,154][188,153][188,152][183,156][181,154][181,153][180,152][180,151][179,150][179,149][178,148][178,147][177,146][177,144]
group_id:null
shape_type:polygon
flags:{}
label:fair
points:[372,103][353,114][347,114][346,115][339,115][334,117][330,117][329,118][326,118][313,123][314,132][324,136][328,136][332,139][332,149][325,164][312,173][300,186][305,189][309,189][310,190][314,190][315,191][318,191][321,186][321,184][326,174][351,144][361,123][369,118][371,118][376,115][378,115][383,112][385,112][388,110][388,109][387,108][387,104][380,104][379,103]
group_id:null
shape_type:polygon
flags:{}
label:fair
points:[394,100][405,116][402,131][411,145][425,152][432,152][438,144][439,110][438,109][438,104][420,106][409,99][409,98][407,96][407,95][405,93][405,92][404,91][404,90]
group_id:null
shape_type:polygon
flags:{}
label:fair
points:[1,1][1,36][0,37][0,69][3,56][10,43][18,16][20,14][26,31][28,58][65,67][79,65][100,73][124,74][132,47][131,46][131,44][130,43][130,40][129,39][129,37][128,36][128,33][127,32][127,30][126,29][126,27][125,26][125,23][124,22][124,18][123,17][123,4][122,3][122,2]
group_id:null
shape_type:polygon
flags:{}
label:fair
points:[237,0][231,16][209,53][209,63][208,64][208,112][217,117][232,117][233,118][238,118][239,119][249,120][261,108][270,96][270,93][272,89][272,86][279,77][281,66][297,55][303,38][302,37][302,36][301,35][301,34][300,33][300,17][305,2][277,2][276,1][243,1][242,0]
group_id:null
shape_type:polygon
flags:{}
label:poor
points:[403,119][396,130][397,142][404,153][415,160][416,169][409,177][402,204][427,204][427,192][433,185][441,189][443,200][451,194][453,185][452,184][453,175][455,181][451,194][453,200][474,201][484,215][488,169][456,163][452,176][451,175][456,163][447,161][444,167][447,161][446,160][446,158][425,153][409,144][409,143][408,142][408,141][406,139][406,138][404,136][404,135][403,134][403,133][401,131]
group_id:null
shape_type:polygon
flags:{}
label:poor
points:[125,4][124,17][133,48][123,77][97,74][78,67][62,70][41,63][27,61][27,54][26,53][26,41][25,40][25,31][24,30][24,28][23,27][23,25][22,24][22,21][21,20][21,18][20,17][20,15][11,43][4,56][0,70][0,191][1,241][70,236][76,241][195,225][195,224][194,223][194,222][193,221][193,219][192,218][192,217][191,216][191,215][190,214][190,212][189,211][189,210][188,209][188,207][187,206][187,205][186,204][186,203][179,196][179,195][176,192][177,191][174,192][173,191][173,190][172,189][172,185][171,184][171,180][170,179][170,175][132,162][123,180][114,185][110,184][110,183][109,182][109,181][107,179][107,178][106,177][106,176][104,174][104,173][100,169][100,168][96,164][96,163][79,171][70,172][51,160][60,158][89,158][93,152][94,146][103,130][111,138][113,138][124,129][124,126][123,125][124,120][138,119][147,111][151,91][158,71][159,34][162,4][157,2]
group_id:null
shape_type:polygon
flags:{}
label:poor
points:[205,5][205,32][200,53][194,62][197,69][189,84][187,94][187,113][192,134][191,135][192,155][212,155][213,154][228,154][229,155][246,155][259,157][289,152][298,153][299,154][310,154][312,164][291,185][276,187][277,196][282,198][296,216][297,215][307,215][308,214][317,214][318,213][328,213][329,212][338,212][339,211][348,211][349,210][359,210][360,209][369,209][370,208][379,208][380,207][398,206][366,200][358,200][357,201][345,201][324,206][323,205][324,199][337,184][347,181][355,166][359,151][365,142][366,133][371,121][381,118][388,112][382,116][362,123][352,144][327,174][318,192][305,190][299,187][299,185][312,172][324,164][331,149][331,143][330,142][330,139][328,137][315,139][308,132][308,121][307,120][307,117][306,116][306,114][305,113][305,112][304,111][304,110][303,109][303,108][302,107][302,106][301,105][301,103][300,102][300,100][299,99][299,97][298,96][300,76][315,64][342,62][344,60][343,59][343,57][342,56][342,53][323,57][313,49][313,48][308,43][308,42][305,39][300,53][285,64][281,76][273,86][271,98][248,122][215,119][207,112][207,64][209,48][230,16][236,1]
group_id:null
shape_type:polygon
flags:{}
label:severe
points:[286,157][266,156][257,158][256,157][247,157][246,156][215,156][214,157][192,156][190,173][190,181][182,198][187,203][193,218][196,221][207,226][293,215][291,213][291,212][288,209][288,208][285,205][285,204][281,200][270,197][276,184][292,183][311,164][311,161][310,160][310,157][301,155]
group_id:null
shape_type:polygon
flags:{}
label:severe
points:[392,114][371,123][367,133][365,146][359,155][355,169][349,181][345,184][336,187][325,199][324,205][345,200][366,199][378,202][398,204][403,196][407,177][415,169][415,165][414,164][414,161][412,159][405,157][400,153][400,152][398,150][398,149][397,148][397,147][396,146][396,144][395,143][395,135][394,134][394,131][400,123][401,114]
group_id:null
shape_type:polygon
flags:{}
imagePath:7.jpeg
imageData:null
imageHeight:512
imageWidth:512
